[183.14636781609195, 183.6256091954023, 185.9742988505747, 0],
[80.77755555555555, 103.86562962962964, 148.86026666666666, 0],
[172.79303030303032, 165.54220095693782, 160.28582137161087, 0],
[95.07798518518518, 99.19931851851852, 93.49358518518518, 0],
[91.92263440860215, 97.60369623655914, 99.96936827956989, 0],
[37.08898218829516, 28.414402035623407, 145.91725190839693, 0],
[83.60665048543689, 72.58700647249191, 89.56645631067961, 0],
[119.27765306122448, 128.4825850340136, 130.6362074829932, 0],
[104.26533965244866, 104.70800947867299, 103.32783570300158, 0],
[177.2893483709273, 172.34353383458648, 188.04393483709273, 0],
[136.23677777777777, 137.17101587301588, 136.755, 0],
[139.50514227642276, 139.50514227642276, 139.50514227642276, 0],
[107.5579079497908, 107.87430962343096, 108.64778242677825, 0],
[70.05862146892655, 73.0983615819209, 83.90151412429378, 0],
[167.80178104575165, 171.8068137254902, 170.90127450980393, 0],
[157.64697619047618, 147.35575, 148.22863095238097, 0],
[145.02088082901557, 149.53594127806565, 152.32678756476685, 0],
[135.9978431372549, 136.95622926093515, 134.24511312217194, 0],
[113.3702304964539, 86.35379432624113, 123.69787234042553, 0],
[167.32530541012216, 170.87382198952878, 177.2110645724258, 0],
[121.51764814814814, 120.56507407407408, 119.2669074074074, 0],
[46.53953453453453, 51.9456006006006, 55.04399399399399, 0],
[37.60939289805269, 32.79419243986254, 30.796987399770902, 0],
[51.22366666666667, 48.60780303030303, 51.9525303030303, 0],
[72.80999999999999, 67.49489523809524, 72.7831619047619, 0],
[141.9833188405797, 136.3505072463768, 135.20643478260868, 0],
[98.26930199430198, 99.59296296296296, 89.01575498575498, 0],
[149.57209621993127, 149.3720618556701, 140.00414662084765, 0],
[72.57232558139535, 75.45236434108527, 83.0912015503876, 0],
[164.2872695035461, 165.31236406619385, 173.57756501182033, 0],
[91.76895131086142, 92.78029962546817, 92.30578651685394, 0],
[148.20390855457228, 142.75176991150443, 141.97258112094397, 0],
[154.87033452807648, 154.53502986857825, 162.17665471923536, 0],
[96.68432809773124, 79.00366492146597, 77.77158813263524, 0],
[51.08523321956769, 164.73544937428898, 161.47540386803186, 0],
[170.2357399103139, 174.67300448430493, 174.4768759342302, 0],
[130.23216253443528, 132.16110192837465, 127.83794765840221, 0],
[128.3583482142857, 128.4440625, 127.38046130952381, 0],
[41.740383333333334, 73.85635, 80.00110000000001, 0],
[148.6038028169014, 146.4155868544601, 145.21413145539907, 0],
[73.67387387387387, 69.43900900900901, 65.63434234234235, 0],
[52.30474964234621, 61.597925608011444, 90.07766809728183, 0],
[43.498056737588655, 54.30804255319149, 55.396581560283686, 0],
[183.6045188284519, 184.39828451882846, 183.47598326359832, 0],
[88.11414565826331, 89.24823529411765, 157.1705462184874, 0],
[163.97566529492457, 162.34134430727022, 161.67666666666668, 0],
[80.02493112947658, 78.85611570247934, 100.95323691460055, 0],
[102.74602339181287, 95.44574561403509, 91.63888888888889, 0],
[149.9894923857868, 156.38197969543148, 157.33404399323183, 0],
[113.64945454545455, 114.62757575757576, 112.54274747474747, 0],
[30.542474074074075, 63.587022222222224, 112.71296296296296, 1],
[55.19623376623377, 87.14151515151515, 142.53747474747476, 1],
[149.86746198830411, 168.6868888888889, 199.48716959064328, 1],
[57.12139869281045, 81.4421045751634, 144.25861437908495, 1],
[36.4675, 57.86521739130435, 114.16047101449276, 1],
[156.24272549019608, 212.98680392156862, 243.5087450980392, 1],
[99.5104761904762, 127.42872241579559, 163.81767711962834, 1],
[139.04604444444445, 151.64466666666667, 178.98937777777778, 1],
[51.93185185185185, 51.12594074074074, 76.53617777777778, 1],
[108.61468148148148, 121.50364444444445, 172.76712592592594, 1],
[112.3104888888889, 148.17340000000002, 199.55970000000002, 1],
[94.77416666666667, 126.8065350877193, 185.79337719298246, 1],
[87.08238866396762, 107.94134952766532, 140.1834817813765, 1],
[62.65900584795322, 65.70730994152046, 150.99925438596492, 1],
[82.62118948824343, 92.30834024896265, 124.22946058091286, 1],
[160.47926199261994, 176.9988314883149, 197.58988929889298, 1],
[106.39307692307692, 131.77888111888112, 154.2951282051282, 1],
[90.84845849802372, 121.89447957839262, 150.5787878787879, 1],
[84.8293888888889, 109.40007777777778, 157.96763333333334, 1],
[75.53294498381877, 112.06606796116505, 144.8266504854369, 1],
[96.06758304696449, 125.05290950744559, 181.1524169530355, 1],
[116.14574229691877, 135.24939775910366, 172.50612044817927, 1],
[75.90503516174402, 129.26648382559776, 175.1242334739803, 1],
[120.10678733031675, 167.90076923076924, 212.83518853695324, 1],
[169.60858072916668, 180.28239583333334, 204.75391927083334, 1],
[88.02203333333334, 121.89835555555557, 159.1563111111111, 1],
[79.45914988814319, 123.07003355704698, 185.72949664429532, 1],
[80.86397504456328, 107.00921568627452, 136.6834046345811, 1],
[135.53543513957308, 156.99707717569785, 204.25410509031198, 1],
[96.32985074626865, 114.29098258706468, 151.16727611940297, 1],
[175.32762081784387, 195.45173482032217, 228.8070508054523, 1],
[108.41962711864407, 147.38066666666666, 186.4517627118644, 1],
[159.64093673965937, 159.64093673965937, 159.64093673965937, 1],
[79.2168, 105.6764, 140.50785185185185, 1],
[143.85219730941705, 150.31400597907324, 174.57091180866965, 1],
[83.21546405228757, 115.57128104575163, 147.99840522875817, 1],
[132.95857350800583, 143.64816593886462, 164.67548762736536, 1],
[73.41505208333334, 108.31597222222223, 154.01741319444446, 1],
[93.57321481481482, 113.03451851851852, 135.4737037037037, 1],
[165.4390476190476, 185.4644494047619, 206.27553571428572, 1],
[140.55103401360546, 163.00526530612245, 196.51054421768708, 1],
[89.25900452488688, 138.0239366515837, 169.7539366515837, 1],
[146.35137037037038, 166.11409259259258, 191.69398148148147, 1],
[114.5888122605364, 117.06241379310346, 134.31633461047255, 1],
[74.40338983050847, 95.63774011299435, 112.67855932203389, 1],
[102.54516129032257, 123.94563440860215, 132.32374193548387, 1],
[168.56753333333333, 188.63275555555558, 220.94645555555556, 1],
[192.94508563899868, 201.51118577075098, 217.89762845849802, 1],
[112.74648148148148, 144.0363773148148, 184.61501157407406, 1],
[170.1069101978691, 202.3780517503805, 225.75622526636224, 1],
[20.746166666666667, 65.64576666666667, 85.23243333333333, 2],
[100.81901360544218, 146.634268707483, 135.0177551020408, 2],
[102.08204248366015, 111.81627450980393, 78.40073529411765, 2],
[43.28377358490566, 74.58054507337526, 78.76863731656184, 2],
[82.97, 170.6285, 184.58178205128203, 2],
[35.97717391304348, 58.177855072463764, 85.66989855072464, 2],
[72.21175257731959, 149.76503436426117, 140.02843642611683, 2],
[47.96098039215687, 111.77021241830066, 139.8858496732026, 2],
[131.04445945945946, 158.22022522522522, 173.7404617117117, 2],
[45.00930678466077, 63.256843657817114, 84.48120943952803, 2],
[23.13288888888889, 101.13866666666667, 123.61007407407408, 2],
[34.076735395189, 169.40632302405496, 211.12326460481097, 2],
[84.56132459970888, 154.01078602620086, 175.01627365356623, 2],
[82.12067363530778, 150.30078977932635, 183.69256678281067, 2],
[108.5694851994852, 120.60371943371943, 141.23163449163448, 2],
[113.95826530612246, 190.04849206349206, 203.46295918367346, 2],
[88.24155993431856, 91.7016420361248, 72.6843185550082, 2],
[84.61191335740072, 99.16182912154032, 75.35169675090253, 2],
[116.2813431013431, 133.65235653235652, 145.69538461538463, 2],
[38.78369458128079, 81.87348111658457, 98.2195238095238, 2],
[31.848207407407408, 88.3951111111111, 94.66662222222223, 2],
[55.32837037037037, 113.22588148148148, 107.89208888888889, 2],
[127.60453634085214, 134.25587719298247, 137.87045112781956, 2],
[21.282903703703703, 146.32724444444443, 154.0054814814815, 2],
[45.40912592592593, 71.50205925925925, 69.92791111111111, 2],
[46.36297297297297, 70.78087087087087, 87.55438438438438, 2],
[22.20426984126984, 73.46126984126984, 82.87777777777778, 2],
[118.19478333333333, 151.82991666666666, 164.49985, 2],
[88.34477386934674, 164.0338693467337, 147.21264656616415, 2],
[56.18758716875872, 150.81039051603906, 136.2734449093445, 2],
[30.585893060295792, 143.7311717861206, 165.37473265073947, 2],
[42.74166028097063, 111.2755300127714, 129.10716475095785, 2],
[97.52795662100456, 115.28132420091325, 103.71551369863013, 2],
[167.9891379310345, 199.62427586206897, 206.77593103448277, 2],
[124.36110619469028, 121.25637168141594, 111.53293510324484, 2],
[93.18811926605505, 104.48434250764527, 107.02142201834863, 2],
[107.29309116809117, 111.13425925925925, 87.62294871794872, 2],
[48.03278518518518, 102.77345185185186, 109.678, 2],
[24.649333333333335, 72.29206837606839, 76.01935042735043, 2],
[57.861751937984494, 74.58026356589147, 82.86246511627907, 2],
[41.1590962962963, 105.58715555555555, 113.49460740740741, 2],
[38.68957264957265, 75.86517948717949, 100.15940170940172, 2],
[43.49627878787879, 136.57461818181818, 179.96761212121214, 2],
[80.90569306930692, 76.98496699669967, 71.27970297029702, 2],
[86.51859649122808, 98.77952153110049, 83.1762360446571, 2],
[173.26357686453576, 198.7210502283105, 208.46471841704718, 2],
[74.8665102286402, 88.55057761732853, 89.08731648616126, 2],
[160.69374378109453, 173.9020646766169, 161.23360696517412, 2],
[104.52910344827586, 192.43340229885058, 213.59511494252874, 2],
[113.36275985663083, 143.11267025089606, 145.1781899641577, 2]
